PROG DYN
10
0.0009756088256835938

12
0.0009944438934326172

13
0.0009658336639404297

14
0.0009989738464355469

15
0.0009970664978027344

20
0.0009970664978027344

50
0.001995086669921875

100
0.008976221084594727

500
0.20348238945007324

1000
0.8338057994842529

2000
3.306781768798828

DIST_2

10
0.0009808540344238281

12
0.0009968280792236328

13
0.000997781753540039

14
0.0010042190551757812

15
0.000997304916381836

20
0.0009784698486328125

50
0.001995086669921875

100
0.005983591079711914

500
0.14359712600708008

1000
0.6153833866119385

2000
2.4370245933532715

SOL_2
10
0.0009970664978027344

12
0.0009975433349609375

13
0.000997304916381836

14
0.000997304916381836

15
0.000988006591796875

20
0.0009975433349609375

50
0.004971504211425781

100
0.017951488494873047
